ISS (ZARYA)             
1 25544U 98067A   22274.46188292  .00014869  00000+0  26380-3 0  9996
2 25544  51.6447 170.0519 0002623 316.7478 215.0466 15.50450812361668
AEROCUBE 12A            
1 43556U 18046C   22273.88326859  .00035758  00000+0  79946-3 0  9992
2 43556  51.6373  28.5419 0006604  51.3056 308.8519 15.43131121235573
AEROCUBE 12B            
1 43557U 18046D   22274.49883374  .00020926  00000+0  51923-3 0  9997
2 43557  51.6379  31.8166 0006925  52.5376 307.6237 15.40292303235537
LEMUR-2-VU              
1 43558U 18046E   22274.23291967  .00055881  00000+0  84359-3 0  9998
2 43558  51.6368   2.1360 0007182  47.2505 312.9089 15.54164363235953
LEMUR-2-ALEXANDER       
1 43559U 18046F   22274.48371478  .00102994  00000+0  13894-2 0  9995
2 43559  51.6381 357.8500 0005692  53.4837 306.6678 15.56961980235817
LEMUR-2-YUASA           
1 43560U 18046G   22274.48880346  .00094927  00000+0  13453-2 0  9993
2 43560  51.6391   0.8599 0005102  60.1122 300.0376 15.55672194235998
LEMUR-2-TOMHENDERSON    
1 43561U 18046H   22273.80539805  .00069469  00000+0  11420-2 0  9995
2 43561  51.6403   8.9972 0005456  62.2023 297.9519 15.51721064235385
STPSAT-4                
1 45043U 98067QY  22273.96501120  .01719279  11825-4  91623-3 0  9997
2 45043  51.6256 103.6816 0009135 278.1001  81.8980 16.19135592152267
ICS-EF (ISS DEB)        
1 45265U 98067RJ  22274.34441064  .00039875  00000+0  35644-3 0  9991
2 45265  51.6348 135.8241 0004507 221.8148 138.2505 15.67959307148220
RED-EYE 2 (MERLOT)      
1 45800U 98067RM  22273.95555671  .00137829  00000+0  60183-3 0  9996
2 45800  51.6346 121.2237 0004154 225.4617 134.6047 15.83777440130244
RED-EYE 3 (CABERNET)    
1 45809U 98067RN  22274.46412507  .00115744  00000+0  50534-3 0  9993
2 45809  51.6363 118.6352 0004479 228.6345 131.4273 15.83852487129309
ISS DEB                 
1 47853U 98067RZ  22274.40131733  .00011615  00000+0  17326-3 0  9991
2 47853  51.6401 161.8440 0002234  60.7127 299.4088 15.55553912 88393
MMSATS-1                
1 47976U 98067SJ  22274.52443793  .00037187  00000+0  38882-3 0  9994
2 47976  51.6397 150.4494 0001800  99.1862 328.1830 15.64081317 86833
CSS (TIANHE)            
1 48274U 21035A   22274.44304861  .00008732  00000+0  10300-3 0  9999
2 48274  41.4721 291.4733 0002902 308.0624 195.7218 15.61467698 81387
ISS DEB                 
1 48833U 98067SK  22274.36399436  .00107977  00000+0  64520-3 0  9996
2 48833  51.6289 141.9248 0002253 186.9218 173.1751 15.77042116 75792
RAMSAT                  
1 48850U 98067SL  22274.31468722  .00527961  13455-3  95208-3 0  9993
2 48850  51.6292 128.7196 0006264 231.6110 128.4338 16.00974834 74077
ISS (NAUKA)             
1 49044U 21066A   22273.53894250  .00014752  00000+0  26205-3 0  9994
2 49044  51.6446 174.6267 0002612 315.7600 101.1726 15.50422431361527
FREGAT DEB              
1 49271U 11037PF  22274.37367014  .00029753  00000+0  71655-1 0  9993
2 49271  51.7159 304.8161 1066515 258.4878  89.4520 11.96698639 59811
BINAR-1                 
1 49272U 98067SR  22273.53712133  .09259409  12338-4  77110-3 0  9993
2 49272  51.6113 133.8495 0008718 259.8641 100.1402 16.38718671 56327
1998-067TD              
1 51441U 98067TD  22273.94775291  .00176852  00000+0  10614-2 0  9997
2 51441  51.6296 152.6701 0005740 236.8119 123.2331 15.76690287 38720
PATCOOL                 
1 51442U 98067TE  22273.90099755  .00163729  00000+0  97846-3 0  9990
2 51442  51.6324 152.3290 0005015 236.7292 123.3228 15.76833126 38681
LIGHT-1                 
1 51509U 98067TG  22273.93261505  .00088527  00000+0  77395-3 0  9990
2 51509  51.6365 157.8864 0008380 246.5770 113.4346 15.68135262 37390
PROGRESS-MS 19          
1 51660U 22014A   22273.53894250  .00014752  00000+0  26205-3 0  9995
2 51660  51.6446 174.6267 0002612 315.7600 101.1726 15.50422431361524
IHI-SAT                 
1 52147U 98067TJ  22274.11697513  .00147686  00000+0  12051-2 0  9991
2 52147  51.6322 160.5709 0003342 224.8117 135.2611 15.69611329 29828
KITSUNE                 
1 52148U 98067TK  22274.53889896  .00040030  00000+0  48795-3 0  9995
2 52148  51.6414 162.5571 0001604 268.9257 155.8089 15.60081379 29771
CREW DRAGON 4           
1 52318U 22042A   22273.53894250  .00014752  00000+0  26205-3 0  9997
2 52318  51.6446 174.6267 0002612 315.7600 101.1726 15.50422431361525
TIANZHOU-4              
1 52509U 22050A   22273.21733854  .00012337  00000+0  14390-3 0  9994
2 52509  41.4717 298.9412 0002885 290.1239 154.6675 15.61455349 81197
PROGRESS-MS 20          
1 52795U 22059A   22273.53894250  .00014752  00000+0  26205-3 0  9994
2 52795  51.6446 174.6267 0002612 315.7600 101.1726 15.50422431361524
SHENZHOU 14             
1 52797U 22060A   22273.21733854  .00012337  00000+0  14390-3 0  9994
2 52797  41.4717 298.9412 0002885 290.1239 154.6675 15.61455349 81196
ISS DEB                 
1 52952U 98067TP  22273.72319687  .00123123  00000+0  14568-2 0  9999
2 52952  51.6393 170.7462 0002140 234.5736 125.5058 15.60363105 13972
CSS (WENTIAN)           
1 53239U 22085A   22273.21733854  .00012337  00000+0  14390-3 0  9993
2 53239  41.4717 298.9412 0002885 290.1239 154.6675 15.61455349 81198
1998-067TQ              
1 53305U 98067TQ  22274.14202827  .00054745  00000+0  79611-3 0  9990
2 53305  51.6395 170.5308 0002306 238.9074 121.1691 15.55220021 11113
YUZGU 8                 
1 53306U 98067TR  22274.18965030  .00064139  00000+0  90438-3 0  9995
2 53306  51.6392 170.0996 0002254 226.0630 134.0175 15.55991009 11129
1998-067TS              
1 53307U 98067TS  22274.12506931  .00062133  00000+0  87735-3 0  9999
2 53307  51.6389 170.4155 0002784 220.7191 139.3592 15.55964862 11148
YUZGU 9 (RS3S)          
1 53308U 98067TT  22274.19000999  .00061061  00000+0  86457-3 0  9999
2 53308  51.6392 170.1014 0002514 219.0766 141.0044 15.55898616 11183
YUZGU 7 (RS1S)          
1 53309U 98067TU  22274.44315911  .00062259  00000+0  87372-3 0  9998
2 53309  51.6387 168.7904 0002050 239.5462 120.5327 15.56132331 11175
YUZGU 11 (RS5S)         
1 53310U 98067TV  22274.12540813  .00062433  00000+0  88374-3 0  9993
2 53310  51.6391 170.4208 0001931 232.8580 127.2235 15.55898421 11151
YUZGU 12 (RS6S)         
1 53311U 98067TW  22274.18031530  .00066350  00000+0  92338-3 0  9998
2 53311  51.6384 170.0336 0002863 210.9614 149.1209 15.56329811 11182
TSIOLKOVSKY-RYAZAN 1 (*)
1 53312U 98067TX  22274.44122707  .00063191  00000+0  88642-3 0  9998
2 53312  51.6391 168.7794 0001958 245.8239 114.2548 15.56137984 11162
TSIOLKOVSKY-RYAZAN 2 (*)
1 53313U 98067TY  22274.18238977  .00063284  00000+0  88766-3 0  9997
2 53313  51.6391 170.0504 0001600 232.5204 127.5642 15.56139808 11177
YUZGU 10 (RS4S)         
1 53321U 98067TZ  22274.18963737  .00062198  00000+0  87747-3 0  9996
2 53321  51.6394 170.1016 0002309 223.0642 137.0169 15.55989833 11176
YUZGU UA                
1 53322U 98067UA  22274.18804284  .00063767  00000+0  89754-3 0  9991
2 53322  51.6392 170.0884 0002415 219.0945 140.9873 15.56041401 11127
HSU-SAT1                
1 53462U 98067UB  22274.10403246  .00048059  00000+0  72809-3 0  9991
2 53462  51.6390 171.0226 0005026 310.8144  49.2410 15.54146066  7734
FUTABA                  
1 53463U 98067UC  22273.96615103  .00064038  00000+0  94389-3 0  9994
2 53463  51.6385 171.6020 0004807 306.8764  53.1786 15.54776695  7711
TUMNANOSAT              
1 53464U 98067UD  22273.70012154  .00077337  00000+0  11127-2 0  9998
2 53464  51.6385 172.8262 0004656 304.1520  55.9030 15.55355433  7677
1998-067UE              
1 53767U 98067UE  22273.76484568  .00041792  00000+0  67634-3 0  9993
2 53767  51.6409 173.2605 0002806 357.7714   2.3263 15.52389833  3791
BEAVERCUBE              
1 53768U 98067UF  22274.08887849  .00038471  00000+0  62597-3 0  9992
2 53768  51.6403 171.6731 0000713  18.4036 341.6979 15.52279859  3857
CLICK-A                 
1 53769U 98067UG  22274.08507332  .00076373  00000+0  12010-2 0  9996
2 53769  51.6415 171.6514 0000936 330.7636  29.3302 15.52928466  3858
1998-067UH              
1 53770U 98067UH  22274.07819417  .00083285  00000+0  12762-2 0  9991
2 53770  51.6401 171.6031 0001872 327.1023  32.9851 15.53605443  3856
JAGSAT                  
1 53771U 98067UJ  22273.69062721  .00085688  00000+0  13062-2 0  9990
2 53771  51.6397 173.5157 0001876 327.8741  32.2135 15.53736424  3783
ISS DEB                 
1 53772U 98067UK  22274.02739635  .00060653  00000+0  97557-3 0  9991
2 53772  51.6404 172.0105 0002846 267.1383  92.9281 15.52397906  3834
SOYUZ-MS 22             
1 53879U 22116A   22273.53894250  .00014752  00000+0  26205-3 0  9992
2 53879  51.6446 174.6267 0002612 315.7600 101.1726 15.50422431361528
